place(10.834, 0.971, 24.047, "Electroshocker", 725)
upgrade(10.834, 2.321, 24.047, 300)
place(10.905, 0.974, 27.071, "Electroshocker", 725)
upgrade(10.905, 2.324, 27.071, 300)
place(13.930, 0.976, 24.080, "Electroshocker", 725)
place(13.929, 0.975, 24.037, "Electroshocker", 725)
upgrade(13.929, 2.325, 24.037, 300)
place(13.973, 0.978, 27.074, "Electroshocker", 725)
upgrade(13.973, 2.328, 27.074, 300)
upgrade(10.834, 2.321, 24.047, 600)
upgrade(10.905, 2.324, 27.071, 600)
upgrade(13.973, 2.328, 27.074, 600)
upgrade(13.929, 2.325, 24.037, 600)
place(-2.015, 0.960, 31.609, "Gatling Gun", 5250)
upgrade(-2.015, 1.858, 31.609, 3000)
place(17.963, 0.987, 31.158, "Pyromancer", 850)
upgrade(17.963, 2.337, 31.158, 350)
upgrade(17.963, 2.337, 31.158, 950)
SetTarget(17.963, 2.337, 31.158, "Random")
SetTarget(17.963, 2.337, 31.158, "Farthest")
upgrade(-2.015, 1.858, 31.609, 7500)
upgrade(-2.015, 1.858, 31.609, 15000)
upgrade(17.963, 2.337, 31.158, 1500)
place(-8.250, 5.367, 28.601, "Ranger", 4500)
upgrade(-8.250, 6.719, 28.601, 1500)
upgrade(-8.250, 6.719, 28.601, 4500)
place(-8.783, 5.522, 31.673, "Ranger", 4500)
upgrade(-8.783, 6.874, 31.673, 1500)
upgrade(-8.783, 6.874, 31.673, 4500)
upgrade(-8.783, 6.874, 31.673, 13500)
place(-10.565, 5.572, 34.165, "Ranger", 4500)
upgrade(-10.565, 6.925, 34.165, 1500)
upgrade(-10.565, 6.925, 34.165, 4500)
place(-10.721, 4.891, 26.869, "Ranger", 4500)
upgrade(-10.721, 6.244, 26.869, 1500)
upgrade(-10.721, 6.244, 26.869, 4500)
place(-11.340, 5.570, 29.914, "Ranger", 4500)
upgrade(-11.340, 6.922, 29.914, 1500)
upgrade(-11.340, 6.922, 29.914, 4500)
place(-13.750, 4.612, 26.906, "Ranger", 4500)
upgrade(-13.750, 5.964, 26.906, 1500)
upgrade(-13.750, 5.964, 26.906, 4500)
place(-13.083, 5.932, 32.408, "Ranger", 4500)
upgrade(-13.083, 7.284, 32.408, 1500)
upgrade(-13.083, 7.284, 32.408, 4500)
place(-13.531, 5.671, 35.762, "Ranger", 4500)
upgrade(-13.531, 7.023, 35.762, 1500)
upgrade(-13.531, 7.023, 35.762, 4500)
place(-15.105, 5.330, 29.853, "Ranger", 4500)
upgrade(13.929, 2.325, 24.037, 2000)
upgrade(13.973, 2.328, 27.074, 2000)
upgrade(10.834, 2.321, 24.047, 2000)
upgrade(10.905, 2.324, 27.071, 2000)
upgrade(10.834, 2.321, 24.047, 5000)
upgrade(10.905, 2.324, 27.071, 5000)
upgrade(13.929, 2.325, 24.037, 5000)
upgrade(13.973, 2.328, 27.074, 5000)
place(16.626, 0.987, 33.994, "Freezer", 425)
upgrade(16.626, 2.337, 33.994, 225)
upgrade(16.626, 2.337, 33.994, 650)
place(13.501, 1.000, 33.932, "Freezer", 425)
upgrade(13.501, 2.350, 33.932, 225)
upgrade(13.501, 2.350, 33.932, 650)
place(14.860, 0.982, 31.123, "Freezer", 425)
upgrade(14.860, 2.332, 31.123, 225)
upgrade(14.860, 2.332, 31.123, 650)
place(10.435, 0.992, 33.921, "Freezer", 425)
upgrade(10.435, 2.342, 33.921, 225)
upgrade(10.435, 2.342, 33.921, 650)
place(11.788, 0.978, 31.139, "Freezer", 425)
upgrade(11.788, 2.328, 31.139, 225)
upgrade(11.788, 2.328, 31.139, 650)
place(7.420, 0.974, 33.827, "Freezer", 425)
upgrade(7.420, 2.324, 33.827, 225)
upgrade(7.420, 2.324, 33.827, 650)
place(8.689, 0.974, 31.007, "Freezer", 425)
upgrade(8.689, 2.324, 31.007, 225)
upgrade(8.689, 2.324, 31.007, 650)
upgrade(-2.015, 1.858, 31.609, 32500)
upgrade(17.963, 2.337, 31.158, 3800)
upgrade(10.905, 2.324, 27.071, 15000)
upgrade(7.420, 2.324, 33.827, 2000)
upgrade(7.420, 2.324, 33.827, 4500)
upgrade(8.689, 2.324, 31.007, 2000)
upgrade(8.689, 2.324, 31.007, 4500)
upgrade(11.788, 2.328, 31.139, 2000)
upgrade(11.788, 2.328, 31.139, 4500)
upgrade(10.435, 2.342, 33.921, 2000)
upgrade(10.435, 2.342, 33.921, 4500)
upgrade(13.501, 2.350, 33.932, 2000)
upgrade(13.501, 2.350, 33.932, 4500)
upgrade(14.860, 2.332, 31.123, 2000)
upgrade(14.860, 2.332, 31.123, 4500)
upgrade(16.626, 2.337, 33.994, 2000)
upgrade(16.626, 2.337, 33.994, 4500)
place(24.517, 0.987, 28.900, "Electroshocker", 725)
upgrade(24.517, 2.337, 28.900, 300)
upgrade(24.517, 2.337, 28.900, 600)
upgrade(24.517, 2.337, 28.900, 2000)
upgrade(24.517, 2.337, 28.900, 5000)
upgrade(24.517, 2.337, 28.900, 15000)
upgrade(17.963, 2.337, 31.158, 9000)
upgrade(-8.250, 6.719, 28.601, 13500)
upgrade(-8.783, 6.874, 31.673, 30000)
upgrade(-11.340, 6.922, 29.914, 13500)
upgrade(-10.565, 6.925, 34.165, 13500)
upgrade(-13.083, 7.284, 32.408, 13500)
upgrade(-13.531, 7.023, 35.762, 13500)
upgrade(-10.721, 6.244, 26.869, 13500)
upgrade(-13.750, 5.964, 26.906, 13500)
upgrade(-2.015, 1.858, 31.609, 50000)
upgrade(-2.015, 1.858, 31.609, 100000)
upgrade(13.929, 2.325, 24.037, 15000)
upgrade(10.834, 2.321, 24.047, 15000)
upgrade(13.973, 2.328, 27.074, 15000)
upgrade(-8.250, 6.719, 28.601, 30000)
upgrade(-8.783, 6.874, 31.673, 93475)
upgrade(-11.340, 6.922, 29.914, 30000)
upgrade(-10.721, 6.244, 26.869, 30000)
upgrade(-13.750, 5.964, 26.906, 30000)
place(23.642, 0.983, 34.646, "Freezer", 425)
upgrade(23.642, 2.333, 34.646, 225)
upgrade(23.642, 2.333, 34.646, 650)
upgrade(23.642, 2.333, 34.646, 2000)
upgrade(23.642, 2.333, 34.646, 4500)
upgrade(-10.565, 6.925, 34.165, 30000)
upgrade(-13.083, 7.284, 32.408, 30000)
upgrade(-13.531, 7.023, 35.762, 30000)
place(37.695, 0.978, 34.660, "Pyromancer", 850)
upgrade(37.695, 2.328, 34.660, 350)
upgrade(37.695, 2.328, 34.660, 950)
upgrade(37.695, 2.328, 34.660, 1500)
upgrade(37.695, 2.328, 34.660, 3800)
upgrade(37.695, 2.328, 34.660, 9000)
SetTarget(37.695, 2.328, 34.660, "Random")
SetTarget(37.695, 2.328, 34.660, "Farthest")
place(23.265, 0.976, 37.801, "Electroshocker", 725)
upgrade(23.265, 2.326, 37.801, 300)
upgrade(23.265, 2.326, 37.801, 600)
upgrade(23.265, 2.326, 37.801, 2000)
upgrade(23.265, 2.326, 37.801, 5000)
upgrade(23.265, 2.326, 37.801, 15000)
place(7.907, 0.970, 27.240, "Electroshocker", 725)
upgrade(7.907, 2.320, 27.240, 300)
upgrade(7.907, 2.320, 27.240, 600)
upgrade(7.907, 2.320, 27.240, 2000)
upgrade(7.907, 2.320, 27.240, 5000)
upgrade(7.907, 2.320, 27.240, 15000)
place(17.152, 0.982, 27.175, "Electroshocker", 725)
upgrade(17.152, 2.332, 27.175, 300)
upgrade(17.152, 2.332, 27.175, 600)
upgrade(17.152, 2.332, 27.175, 2000)
upgrade(17.152, 2.332, 27.175, 5000)
upgrade(17.152, 2.332, 27.175, 15000)
place(20.149, 0.987, 27.567, "Electroshocker", 725)
upgrade(20.149, 2.337, 27.567, 300)
upgrade(20.149, 2.337, 27.567, 600)
upgrade(20.149, 2.337, 27.567, 2000)
upgrade(20.149, 2.337, 27.567, 5000)
upgrade(20.149, 2.337, 27.567, 15000)
place(7.785, 0.967, 24.091, "Freezer", 425)
upgrade(7.785, 2.317, 24.091, 225)
upgrade(7.785, 2.317, 24.091, 650)
upgrade(7.785, 2.317, 24.091, 2000)
upgrade(7.785, 2.317, 24.091, 4500)
place(4.224, 0.970, 33.906, "Freezer", 425)
upgrade(4.224, 2.320, 33.906, 225)
upgrade(4.224, 2.320, 33.906, 650)
upgrade(4.224, 2.320, 33.906, 2000)
upgrade(4.224, 2.320, 33.906, 4500)
place(5.555, 0.969, 30.884, "Freezer", 425)
upgrade(5.555, 2.319, 30.884, 225)
upgrade(5.555, 2.319, 30.884, 650)
upgrade(5.555, 2.319, 30.884, 2000)
upgrade(5.555, 2.319, 30.884, 4500)
place(4.766, 0.966, 27.512, "Freezer", 425)
upgrade(4.766, 2.316, 27.512, 225)
upgrade(4.766, 2.316, 27.512, 650)
upgrade(4.766, 2.316, 27.512, 2000)
upgrade(4.766, 2.316, 27.512, 4500)
place(4.592, 0.963, 24.174, "Electroshocker", 725)
upgrade(4.592, 2.313, 24.174, 300)
upgrade(4.592, 2.313, 24.174, 600)
upgrade(4.592, 2.313, 24.174, 2000)
upgrade(4.592, 2.313, 24.174, 5000)
upgrade(4.592, 2.313, 24.174, 15000)
place(10.508, 0.968, 20.935, "Electroshocker", 725)
place(10.896, 0.969, 20.924, "Freezer", 425)
upgrade(10.896, 2.319, 20.924, 225)
upgrade(10.896, 2.319, 20.924, 650)
upgrade(10.896, 2.319, 20.924, 2000)
upgrade(10.896, 2.319, 20.924, 4500)
place(17.043, 0.980, 24.050, "Freezer", 425)
upgrade(17.043, 2.330, 24.050, 225)
upgrade(17.043, 2.330, 24.050, 650)
upgrade(17.043, 2.330, 24.050, 2000)
upgrade(17.043, 2.330, 24.050, 4500)
place(20.187, 0.984, 24.392, "Freezer", 425)
upgrade(20.187, 2.334, 24.392, 225)
upgrade(20.187, 2.334, 24.392, 650)
upgrade(20.187, 2.334, 24.392, 2000)
upgrade(20.187, 2.334, 24.392, 4500)
place(20.135, 0.984, 39.570, "Freezer", 425)
upgrade(20.135, 2.334, 39.570, 225)
upgrade(20.135, 2.334, 39.570, 650)
upgrade(20.135, 2.334, 39.570, 2000)
upgrade(20.135, 2.334, 39.570, 4500)
place(17.051, 1.013, 39.417, "Freezer", 425)
upgrade(17.051, 2.363, 39.417, 225)
upgrade(17.051, 2.363, 39.417, 650)
upgrade(17.051, 2.363, 39.417, 2000)
upgrade(17.051, 2.363, 39.417, 4500)
place(13.851, 1.014, 39.779, "Freezer", 425)
upgrade(13.851, 2.364, 39.779, 225)
upgrade(13.851, 2.364, 39.779, 650)
upgrade(13.851, 2.364, 39.779, 2000)
upgrade(13.851, 2.364, 39.779, 4500)
place(10.723, 1.007, 39.885, "Freezer", 425)
upgrade(10.723, 2.357, 39.885, 225)
upgrade(10.723, 2.357, 39.885, 650)
upgrade(10.723, 2.357, 39.885, 2000)
upgrade(10.723, 2.357, 39.885, 4500)
place(7.634, 0.995, 39.555, "Freezer", 425)
